.Random.seed <-
c(403L, 10L, -1202554212L, -604367713L, -1173739787L, -979076212L, 
-1359701406L, -1782989251L, 849289399L, -1659420834L, 1775534744L, 
-1515507205L, -548877415L, 985789480L, 2113897686L, 724488529L, 
1302540291L, -1311221870L, -958483164L, -910599193L, 1731395645L, 
2140139188L, -2040224486L, 1853417061L, -113186049L, 91869062L, 
1661698320L, -1249029709L, -217421231L, 2076662272L, 1066563294L, 
-1861190359L, 831840475L, 1669494762L, -1717659764L, 1928464591L, 
-926398331L, -452510916L, -1780096494L, -1697875699L, 1348592199L, 
-1067706322L, -686633592L, 1854502027L, 870690409L, 1896567352L, 
-325459226L, 303070849L, 674824723L, -236247614L, 1489415796L, 
-1856405385L, -1659051667L, -2121542140L, -1247566550L, 930464405L, 
-327907025L, 900598838L, 1678370912L, 1240743587L, 993327553L, 
1397515696L, 1695182030L, 130001465L, 367766603L, -353554950L, 
-1852430084L, -877015745L, 477086229L, 168397100L, -1227929086L, 
2006485213L, -429429801L, -1858865474L, -1227214600L, -759664933L, 
-671615687L, 1299619976L, -538372042L, -1431659407L, -538024285L, 
13487090L, 1108397892L, 36257799L, -1784562211L, -1911379244L, 
1893053946L, 829618501L, -278815329L, -1595138266L, -742174800L, 
-657363885L, -1358616719L, -955105632L, -522223042L, 1328720201L, 
961837051L, -729179190L, -1202162388L, 89688367L, -615188507L, 
2119296668L, -531836174L, -221244563L, -1642984281L, -371505458L, 
1647983656L, 1896865835L, -657059255L, 1826667352L, 420296198L, 
-385646623L, 2133323123L, -1972173342L, -1716401836L, -877717417L, 
-1324964787L, -820234268L, -1957386806L, 2093370421L, 1452886671L, 
1461224342L, 1360662336L, 2063426051L, -2034059231L, 1519211280L, 
940585198L, 57438361L, 1133221163L, 233270298L, 1832599260L, 
-2040981793L, -113729355L, -193460660L, 29182626L, 1188786685L, 
-615326985L, -515642338L, -1905416488L, 1201568315L, 437549017L, 
-793961112L, 2087898262L, -979056111L, 14525379L, -912252974L, 
-1652262300L, 166697383L, 1820661501L, 1691030260L, -757180966L, 
-191248091L, 1647161407L, -2146611258L, -1528318896L, 1626183795L, 
324959377L, -1382744896L, 1928113822L, -1934826903L, 685818523L, 
-592531542L, 1706064844L, 85702287L, 514483909L, -1809445252L, 
-319708462L, 371271245L, 1483983623L, -2077987090L, -1196045368L, 
500473035L, -837966551L, 1677518200L, 1464089254L, 2135235777L, 
-975651501L, 349403650L, -920026316L, -557092681L, 445110445L, 
241526212L, 5764586L, 2040023637L, -847236113L, -1024945162L, 
-1629764320L, 374745827L, 2078043009L, -1382421008L, 1843213454L, 
1497570297L, -104285813L, 15975866L, 1075653820L, -786628609L, 
978279765L, -1532158356L, 635435714L, 1488387357L, 1403179927L, 
436201214L, 1363817656L, -1927985509L, 1062946041L, -1163381176L, 
1641296246L, -1351165775L, -169534237L, -770683982L, -2062265340L, 
-574007481L, 1079365149L, -1135893356L, -227032006L, 15171205L, 
1918599007L, -558096410L, 414962288L, 144110995L, 2037768753L, 
1951023328L, 1982577022L, -1747944439L, 406768699L, 332616202L, 
1850382828L, -135725457L, -1647775323L, -1684241228L, 1864575560L, 
-1727558214L, 844691984L, -1615070484L, 699697492L, 1201099026L, 
322104736L, 379603660L, 2074553952L, -1784438846L, -438341848L, 
371556268L, -893586628L, 843987314L, 1802283824L, -587754204L, 
960449336L, 40216282L, -1790754928L, -1991041284L, -1218284652L, 
-421967806L, -1569286912L, 1587360828L, 1116451152L, -1731217246L, 
-824399544L, 1994467084L, 1984619228L, 1925942610L, -1022792576L, 
-264200108L, -329639960L, -60997382L, 155896656L, -124481748L, 
274360692L, 1957985170L, 686139488L, -549153396L, -1876858016L, 
539220450L, -913757272L, -1657643828L, -163469316L, 2090882482L, 
926731760L, 781020100L, 1362496856L, -824266374L, 406924208L, 
-1286450756L, -474019756L, -210149438L, -1001744352L, 1137236156L, 
-2030583216L, 1025653730L, -1065555864L, 572763212L, -2063542020L, 
486009842L, 820463872L, -205954700L, 1116779528L, 811089850L, 
-312069680L, -893281300L, -2065364588L, -2104184366L, 1533514080L, 
-1180790964L, 2093840672L, -1346910334L, -725020952L, -501497620L, 
2062980156L, -517481614L, -574298512L, 1706462244L, -271703240L, 
-1341248358L, 2116348624L, 447230140L, -1007415660L, -822559102L, 
1751267520L, -429012164L, 534682768L, -2060882398L, 1352163336L, 
-1816984308L, -1580346212L, 1253527058L, 491659136L, -2005514732L, 
-1132404184L, -451510982L, -529739312L, -1524671380L, 991795508L, 
-226673006L, 471798624L, 1326564172L, -812595232L, -1494050910L, 
-702601304L, 525434252L, 1665380540L, 1613615474L, 256158960L, 
-1256894396L, 637782360L, -747844038L, 1996671856L, -430782404L, 
-360745196L, 937348546L, -2124188960L, 1783676796L, -1777598768L, 
-1777282910L, -1815432152L, 1459066124L, -1565880388L, 80466226L, 
-2098523712L, 8243764L, 1316504520L, -63434566L, 402393488L, 
1188489708L, -736527788L, -486442862L, 81164064L, -1097485876L, 
-126044704L, 1261110978L, 805526568L, 1793514156L, 1935459516L, 
456880626L, 840655152L, -1539916636L, -1612198216L, 1539034458L, 
-1209533040L, -983106692L, 603533588L, 1007203138L, 1363925760L, 
-429520964L, -234281136L, 1267426082L, 1617245512L, 1118548492L, 
1951602780L, 610247890L, 1444512256L, 223737172L, -356785688L, 
504630266L, 2087063760L, -1166889684L, -1310186764L, 1407115666L, 
1380283488L, -1491022580L, -424774944L, -850308766L, -1529464152L, 
1191313996L, -1270556292L, -466404046L, -761237392L, -1340780732L, 
1061332440L, 1845443706L, -483852752L, 160936636L, -109148332L, 
-1816288190L, 1951604128L, -706458948L, -997035568L, 2094794082L, 
2068582376L, 703324108L, -714795268L, -366732814L, -2132750208L, 
1751854324L, 1826467464L, 1837670202L, 1340144464L, 958017132L, 
-346527596L, 1009064274L, -13027616L, 581237452L, 288800928L, 
856836994L, 946152168L, 1254785772L, 2083572796L, -700360078L, 
598353008L, -826606044L, 660618296L, 1546733594L, 941079248L, 
-1975583684L, -1687165804L, 1606827138L, 1082802112L, 1405849916L, 
-838665584L, 1062581282L, -1894509560L, 2068359308L, 1558733852L, 
711802514L, -1980824448L, 1227804692L, 1139318056L, -878682566L, 
818577720L, 897374998L, 796603171L, 1085765861L, 819201282L, 
2001069936L, -1500584167L, 452800267L, -448500740L, 258910250L, 
198665311L, -62764055L, -1386679042L, -842486548L, -342310851L, 
1847661575L, 886165488L, 390122382L, -1389078085L, -1961674851L, 
1322759498L, -1717715608L, 1350988625L, -982106045L, -598234812L, 
1190928882L, 2004747207L, -1923222127L, -758200042L, 1633061236L, 
-1256030203L, -303802289L, 1027136584L, -920161818L, 754097939L, 
599431285L, 1212959314L, 1473416352L, -1885141623L, 391685563L, 
2009010700L, -2133599334L, -1352334577L, -873778855L, 2061771758L, 
-826783108L, -1692775699L, 1086086551L, -1104542112L, 1555639358L, 
1449389323L, 1344327565L, 2037202106L, -1268434184L, 176726177L, 
-467176365L, -1548007564L, -1093163774L, -626430569L, -377735327L, 
-1155263578L, -636830300L, -2110798763L, 1229330687L, 1139166616L, 
1759151798L, -1108555965L, -1611658619L, 1298988834L, -834388976L, 
869240761L, 213606507L, 1705225052L, 1166756490L, 1463711359L, 
-1229576247L, 1159261278L, 1482540812L, 833906397L, -1014226969L, 
-770853872L, -1553319634L, 1741987291L, 939143869L, -746760150L, 
-1642110776L, 260965873L, 1733403491L, 1505268580L, 1389824658L, 
527230823L, 1522932017L, 1505510006L, -44571756L, -1594980443L, 
698292399L, 1049744744L, -697125562L, 904942835L, -1971197355L, 
1536460338L, 1077658624L, 115198185L, 2112126811L, -250160724L, 
-1293891142L, 1311389551L, -761304839L, -1471255154L, 532095068L, 
-1254751539L, 95835703L, 973606080L, 518628254L, 1871573099L, 
835727341L, 1849717338L, -446630632L, -1724398975L, -1216442317L, 
-1910614444L, -338369950L, 868836599L, -957571263L, -992920122L, 
-2120388860L, -148690251L, -2044508769L, -1939465736L, 836343766L, 
625656419L, 1828543013L, -86285886L, -165861712L, 1762672345L, 
1462896715L, 1614837436L, -1151273750L, -1076616929L, 1223872937L, 
-655313090L, 85811756L, -1398509443L, 1188164295L, 1586301872L, 
-362160690L, -1349783813L, -559024803L, 132529802L, 211508392L, 
